type: fixed
metric: mse
scales:
  so_0: 833.0068359375
  so_1: 1394.3041992188
  so_10: 9409.0576171875
  so_11: 12421.9970703125
  so_12: 17175.9023437500
  so_13: 25179.8242187500
  so_14: 35029.9179687500
  so_15: 24887.9785156250
  so_16: 28510.1367187500
  so_17: 48387.3906250000
  so_18: 159146.9375000000
  so_2: 1494.3455810547
  so_3: 1986.3884277344
  so_4: 2520.2741699219
  so_5: 3327.0393066406
  so_6: 3802.9616699219
  so_7: 4404.8295898438
  so_8: 4897.3422851562
  so_9: 5942.3281250000
  thetao_0: 2675.8588867188
  thetao_1: 3055.6645507812
  thetao_10: 4227.3940429688
  thetao_11: 5707.7241210938
  thetao_12: 9248.9345703125
  thetao_13: 12505.9814453125
  thetao_14: 10331.2900390625
  thetao_15: 12940.4785156250
  thetao_16: 18812.3554687500
  thetao_17: 52258.7695312500
  thetao_18: 155830.1718750000
  thetao_2: 3151.6940917969
  thetao_3: 2831.0717773438
  thetao_4: 2780.8552246094
  thetao_5: 3063.2500000000
  thetao_6: 3418.4311523438
  thetao_7: 3713.2612304688
  thetao_8: 3682.3474121094
  thetao_9: 3742.4614257812
  uo_0: 14.0739850998
  uo_1: 18.4462871552
  uo_10: 56.8989143372
  uo_11: 48.7639007568
  uo_12: 38.4978294373
  uo_13: 29.0263900757
  uo_14: 19.4159755707
  uo_15: 12.7334718704
  uo_16: 9.5807418823
  uo_17: 17.8285465240
  uo_18: 91.0630645752
  uo_2: 24.3798294067
  uo_3: 32.4595527649
  uo_4: 43.6946754456
  uo_5: 59.1876945496
  uo_6: 68.6832351685
  uo_7: 61.3708229065
  uo_8: 58.7607345581
  uo_9: 58.1869468689
  vo_0: 7.9221873283
  vo_1: 10.4211511612
  vo_10: 33.3446922302
  vo_11: 29.0439910889
  vo_12: 23.3001289368
  vo_13: 17.6940307617
  vo_14: 12.5819520950
  vo_15: 8.9326276779
  vo_16: 8.0252704620
  vo_17: 15.3077049255
  vo_18: 72.8056869507
  vo_2: 13.6651020050
  vo_3: 17.1382122040
  vo_4: 21.1727943420
  vo_5: 25.4957542419
  vo_6: 29.6947154999
  vo_7: 32.4375724792
  vo_8: 33.8816146851
  vo_9: 33.7796173096
  zos: 1008.4986572266
